19.250000	0.000
19.500000	0.000
19.750000	0.000
20.000000	0.000
20.299999	0.000
20.600000	0.000
20.900000	0.000
21.200001	0.000
21.400000	0.000
21.799999	0.000
22.000000	0.000
22.400000	0.000
22.700001	0.001
23.000000	0.001
23.299999	0.001
23.600000	0.001
24.000000	0.001
24.299999	0.001
24.700001	0.002
25.000000	0.002
25.400000	0.002
25.799999	0.002
26.200001	0.003
26.500000	0.003
26.900000	0.004
27.200001	0.004
27.600000	0.004
28.000000	0.005
28.500000	0.005
29.000000	0.006
29.500000	0.007
30.000000	0.007
30.400000	0.008
30.700001	0.008
31.100000	0.009
31.500000	0.010
32.000000	0.010
32.500000	0.011
33.000000	0.012
33.500000	0.013
34.000000	0.013
34.500000	0.014
35.000000	0.015
35.500000	0.016
36.000000	0.016
36.500000	0.017
37.000000	0.018
37.500000	0.019
38.200001	0.020
38.700001	0.020
39.500000	0.022
40.000000	0.022
40.599998	0.023
41.200001	0.024
41.799999	0.025
42.500000	0.026
43.099998	0.027
43.700001	0.028
44.400002	0.029
45.000000	0.030
45.500000	0.031
46.200001	0.032
46.799999	0.033
47.500000	0.034
48.200001	0.035
48.700001	0.035
49.400002	0.036
50.000000	0.037
50.799999	0.038
51.500000	0.039
52.200001	0.040
53.000000	0.041
53.799999	0.042
54.500000	0.043
55.200001	0.044
56.000000	0.045
57.000000	0.046
58.000000	0.048
59.000000	0.049
60.000000	0.050
60.799999	0.052
61.500000	0.053
62.200001	0.054
63.000000	0.055
64.000000	0.056
65.000000	0.058
66.000000	0.059
67.000000	0.061
68.000000	0.062
69.000000	0.064
70.000000	0.065
71.000000	0.067
72.000000	0.068
73.000000	0.070
74.000000	0.071
75.000000	0.073
76.199997	0.075
77.500000	0.078
78.800003	0.080
80.000000	0.082
81.199997	0.084
82.500000	0.087
83.800003	0.089
85.000000	0.092
86.199997	0.095
87.500000	0.098
88.500000	0.100
90.000000	0.104
91.199997	0.107
92.500000	0.110
93.800003	0.113
95.000000	0.116
96.199997	0.119
97.500000	0.123
98.800003	0.126
100.000000	0.129
101.500000	0.132
103.000000	0.135
104.400002	0.138
106.000000	0.142
107.500000	0.145
109.000000	0.148
110.599998	0.151
112.000000	0.154
113.800003	0.157
115.000000	0.160
117.199997	0.164
118.000000	0.166
120.599998	0.172
122.000000	0.175
124.099998	0.181
125.000000	0.183
126.500000	0.187
128.000000	0.191
131.500000	0.202
132.000000	0.204
134.000000	0.210
136.000000	0.217
138.000000	0.224
140.000000	0.231
143.000000	0.242
145.000000	0.249
147.500000	0.259
150.000000	0.268
152.500000	0.277
155.000000	0.287
157.500000	0.296
160.000000	0.305
162.500000	0.315
165.000000	0.325
167.500000	0.335
170.000000	0.345
172.500000	0.354
175.000000	0.365
177.500000	0.375
180.000000	0.385
182.500000	0.396
185.000000	0.406
187.500000	0.417
190.000000	0.428
192.500000	0.439
195.000000	0.449
197.500000	0.460
200.000000	0.471
203.000000	0.485
206.000000	0.498
209.000000	0.512
212.000000	0.526
214.000000	0.536
218.000000	0.555
220.000000	0.565
224.000000	0.584
227.000000	0.599
230.000000	0.614
233.000000	0.630
236.000000	0.645
240.000000	0.666
243.000000	0.681
247.000000	0.702
250.000000	0.718
254.000000	0.739
258.000000	0.761
262.000000	0.783
265.000000	0.799
269.000000	0.821
272.000000	0.837
276.000000	0.860
280.000000	0.882
285.000000	0.911
290.000000	0.940
295.000000	0.970
300.000000	1.000
304.000000	1.024
307.000000	1.043
311.000000	1.067
315.000000	1.092
320.000000	1.124
325.000000	1.155
330.000000	1.187
335.000000	1.219
340.000000	1.251
345.000000	1.283
350.000000	1.315
355.000000	1.348
360.000000	1.380
365.000000	1.412
370.000000	1.444
375.000000	1.477
382.000000	1.523
387.000000	1.556
395.000000	1.608
400.000000	1.641
406.000000	1.681
412.000000	1.721
418.000000	1.761
425.000000	1.807
431.000000	1.847
437.000000	1.887
444.000000	1.933
450.000000	1.972
455.000000	2.005
462.000000	2.050
468.000000	2.088
475.000000	2.133
482.000000	2.176
487.000000	2.207
494.000000	2.249
500.000000	2.287
508.000000	2.338
515.000000	2.380
522.000000	2.420
530.000000	2.466
538.000000	2.510
545.000000	2.548
552.000000	2.584
560.000000	2.625
570.000000	2.674
580.000000	2.720
590.000000	2.764
600.000000	2.806
608.000000	2.838
615.000000	2.864
622.000000	2.890
630.000000	2.917
640.000000	2.949
650.000000	2.978
660.000000	3.006
670.000000	3.030
680.000000	3.053
690.000000	3.073
700.000000	3.091
710.000000	3.107
720.000000	3.121
730.000000	3.133
740.000000	3.143
750.000000	3.151
762.000000	3.159
775.000000	3.166
788.000000	3.170
800.000000	3.172
812.000000	3.174
825.000000	3.173
838.000000	3.169
850.000000	3.161
862.000000	3.153
875.000000	3.145
885.000000	3.139
900.000000	3.133
912.000000	3.130
925.000000	3.129
938.000000	3.130
950.000000	3.134
962.000000	3.139
975.000000	3.150
988.000000	3.165
1000.000000	3.184
1015.000000	3.213
1030.000000	3.250
1044.000000	3.291
1060.000000	3.348
1075.000000	3.409
1090.000000	3.479
1106.000000	3.562
1120.000000	3.642
1138.000000	3.755
1150.000000	3.835
1172.000000	3.991
1180.000000	4.051
1206.000000	4.254
1220.000000	4.368
1241.000000	4.544
1250.000000	4.620
1265.000000	4.749
1280.000000	4.878
1315.000000	5.181
1320.000000	5.224
1340.000000	5.396
1360.000000	5.565
1380.000000	5.732
1400.000000	5.897
1430.000000	6.137
1450.000000	6.294
1475.000000	6.487
1500.000000	6.676
1525.000000	6.861
1550.000000	7.045
1575.000000	7.229
1600.000000	7.412
1625.000000	7.597
1650.000000	7.784
1675.000000	7.974
1700.000000	8.168
1725.000000	8.365
1750.000000	8.566
1775.000000	8.770
1800.000000	8.978
1825.000000	9.189
1850.000000	9.402
1875.000000	9.616
1900.000000	9.832
1925.000000	10.047
1950.000000	10.262
1975.000000	10.476
2000.000000	10.688
2030.000000	10.939
2060.000000	11.186
2090.000000	11.428
2120.000000	11.666
2140.000000	11.821
2180.000000	12.126
2200.000000	12.274
2240.000000	12.565
2270.000000	12.779
2300.000000	12.987
2330.000000	13.191
2360.000000	13.391
2400.000000	13.651
2430.000000	13.840
2470.000000	14.086
2500.000000	14.264
2540.000000	14.494
2580.000000	14.712
2620.000000	14.919
2650.000000	15.066
2690.000000	15.251
2720.000000	15.380
2760.000000	15.539
2800.000000	15.683
2850.000000	15.840
2900.000000	15.973
2950.000000	16.080
3000.000000	16.163
3040.000000	16.212
3070.000000	16.239
3110.000000	16.262
3150.000000	16.273
3200.000000	16.269
3250.000000	16.249
3300.000000	16.216
3350.000000	16.172
3400.000000	16.122
3450.000000	16.067
3500.000000	16.011
3550.000000	15.954
3600.000000	15.897
3650.000000	15.840
3700.000000	15.780
3750.000000	15.715
3820.000000	15.611
3870.000000	15.523
3950.000000	15.351
4000.000000	15.224
4060.000000	15.053
4120.000000	14.863
4180.000000	14.660
4250.000000	14.413
4310.000000	14.199
4370.000000	13.988
4440.000000	13.749
4500.000000	13.549
4550.000000	13.385
4620.000000	13.160
4680.000000	12.970
4750.000000	12.756
4820.000000	12.555
4870.000000	12.424
4940.000000	12.264
5000.000000	12.152
5080.000000	12.036
5150.000000	11.960
5220.000000	11.895
5300.000000	11.822
5380.000000	11.737
5450.000000	11.649
5520.000000	11.548
5600.000000	11.422
5700.000000	11.256
5800.000000	11.080
5900.000000	10.885
6000.000000	10.654
6080.000000	10.429
6150.000000	10.198
6220.000000	9.935
6300.000000	9.598
6400.000000	9.136
6500.000000	8.655
6600.000000	8.183
6700.000000	7.736
6800.000000	7.311
6900.000000	6.892
7000.000000	6.473
7100.000000	6.066
7200.000000	5.711
7300.000000	5.444
7400.000000	5.274
7500.000000	5.179
7620.000000	5.143
7750.000000	5.267
7880.000000	5.677
8000.000000	6.274
8120.000000	6.874
8250.000000	7.252
8380.000000	7.145
8500.000000	6.534
8620.000000	5.446
8750.000000	3.873
8850.000000	2.573
9000.000000	0.849
9120.000000	-0.237
9250.000000	-1.187
9380.000000	-1.847
9500.000000	-2.036
9620.000000	-1.760
9750.000000	-1.038
9880.000000	-0.072
10000.000000	0.842
10150.000000	1.748
10300.000000	2.194
10440.000000	2.152
10600.000000	1.673
10750.000000	1.006
10900.000000	0.306
11060.000000	-0.362
11200.000000	-0.795
11380.000000	-0.975
11500.000000	-0.795
11720.000000	0.167
11800.000000	0.699
12060.000000	2.697
12200.000000	3.582
12410.000000	4.189
12500.000000	4.144
12650.000000	3.722
12800.000000	3.030
13150.000000	1.708
13200.000000	1.625
13400.000000	1.573
13600.000000	1.969
13800.000000	2.746
14000.000000	3.590
14300.000000	4.197
14500.000000	3.932
14750.000000	2.982
15000.000000	1.749
15250.000000	0.651
15500.000000	0.018
15750.000000	-0.107
16000.000000	0.058
16250.000000	0.328
16500.000000	0.339
16750.000000	-0.198
17000.000000	-1.117
17250.000000	-1.870
17500.000000	-1.970
17750.000000	-1.259
18000.000000	-0.023
18250.000000	1.000
18500.000000	1.338
18750.000000	1.208
19000.000000	1.020
19250.000000	0.851
19500.000000	0.702
19750.000000	0.572
20000.000000	0.458
