20.000000	-3.000
20.299999	-3.000
20.600000	-3.000
20.900000	-2.979
21.200001	-2.977
21.400000	-2.973
21.799999	-2.964
22.000000	-2.960
22.400000	-2.951
22.700001	-2.944
23.000000	-2.937
23.299999	-2.929
23.600000	-2.922
24.000000	-2.913
24.299999	-2.907
24.700001	-2.901
25.000000	-2.897
25.400000	-2.892
25.799999	-2.887
26.200001	-2.882
26.500000	-2.879
26.900000	-2.874
27.200001	-2.871
27.600000	-2.867
28.000000	-2.863
28.500000	-2.859
29.000000	-2.855
29.500000	-2.851
30.000000	-2.848
30.400000	-2.846
30.700001	-2.844
31.100000	-2.842
31.500000	-2.841
32.000000	-2.839
32.500000	-2.839
33.000000	-2.838
33.500000	-2.838
34.000000	-2.838
34.500000	-2.838
35.000000	-2.838
35.500000	-2.838
36.000000	-2.837
36.500000	-2.836
37.000000	-2.835
37.500000	-2.833
38.200001	-2.832
38.700001	-2.830
39.500000	-2.827
40.000000	-2.825
40.599998	-2.824
41.200001	-2.822
41.799999	-2.820
42.500000	-2.817
43.099998	-2.815
43.700001	-2.813
44.400002	-2.810
45.000000	-2.809
45.500000	-2.807
46.200001	-2.806
46.799999	-2.805
47.500000	-2.804
48.200001	-2.803
48.700001	-2.802
49.400002	-2.802
50.000000	-2.802
50.799999	-2.802
51.500000	-2.803
52.200001	-2.803
53.000000	-2.804
53.799999	-2.805
54.500000	-2.805
55.200001	-2.805
56.000000	-2.805
57.000000	-2.805
58.000000	-2.805
59.000000	-2.805
60.000000	-2.806
60.799999	-2.806
61.500000	-2.806
62.200001	-2.806
63.000000	-2.806
64.000000	-2.807
65.000000	-2.808
66.000000	-2.809
67.000000	-2.810
68.000000	-2.810
69.000000	-2.811
70.000000	-2.812
71.000000	-2.812
72.000000	-2.813
73.000000	-2.813
74.000000	-2.814
75.000000	-2.814
76.199997	-2.813
77.500000	-2.813
78.800003	-2.812
80.000000	-2.811
81.199997	-2.809
82.500000	-2.807
83.800003	-2.805
85.000000	-2.802
86.199997	-2.798
87.500000	-2.794
88.500000	-2.791
90.000000	-2.787
91.199997	-2.783
92.500000	-2.779
93.800003	-2.775
95.000000	-2.771
96.199997	-2.769
97.500000	-2.766
98.800003	-2.764
100.000000	-2.762
101.500000	-2.759
103.000000	-2.756
104.400002	-2.753
106.000000	-2.750
107.500000	-2.748
109.000000	-2.746
110.599998	-2.745
112.000000	-2.746
113.800003	-2.747
115.000000	-2.749
117.199997	-2.752
118.000000	-2.754
120.599998	-2.761
122.000000	-2.765
124.099998	-2.772
125.000000	-2.776
126.500000	-2.783
128.000000	-2.791
131.500000	-2.810
132.000000	-2.813
134.000000	-2.824
136.000000	-2.835
138.000000	-2.846
140.000000	-2.857
143.000000	-2.871
145.000000	-2.880
147.500000	-2.889
150.000000	-2.898
152.500000	-2.906
155.000000	-2.913
157.500000	-2.918
160.000000	-2.922
162.500000	-2.925
165.000000	-2.927
167.500000	-2.927
170.000000	-2.926
172.500000	-2.924
175.000000	-2.922
177.500000	-2.919
180.000000	-2.916
182.500000	-2.912
185.000000	-2.908
187.500000	-2.904
190.000000	-2.900
192.500000	-2.895
195.000000	-2.892
197.500000	-2.888
200.000000	-2.886
203.000000	-2.883
206.000000	-2.881
209.000000	-2.879
212.000000	-2.879
214.000000	-2.878
218.000000	-2.878
220.000000	-2.877
224.000000	-2.877
227.000000	-2.875
230.000000	-2.874
233.000000	-2.872
236.000000	-2.869
240.000000	-2.863
243.000000	-2.858
247.000000	-2.850
250.000000	-2.842
254.000000	-2.830
258.000000	-2.816
262.000000	-2.800
265.000000	-2.787
269.000000	-2.768
272.000000	-2.753
276.000000	-2.732
280.000000	-2.710
285.000000	-2.681
290.000000	-2.652
295.000000	-2.622
300.000000	-2.591
304.000000	-2.566
307.000000	-2.548
311.000000	-2.524
315.000000	-2.500
320.000000	-2.471
325.000000	-2.443
330.000000	-2.414
335.000000	-2.386
340.000000	-2.359
345.000000	-2.331
350.000000	-2.304
355.000000	-2.278
360.000000	-2.252
365.000000	-2.226
370.000000	-2.201
375.000000	-2.177
382.000000	-2.144
387.000000	-2.122
395.000000	-2.088
400.000000	-2.069
406.000000	-2.046
412.000000	-2.026
418.000000	-2.008
425.000000	-1.991
431.000000	-1.978
437.000000	-1.969
444.000000	-1.961
450.000000	-1.957
455.000000	-1.955
462.000000	-1.954
468.000000	-1.955
475.000000	-1.959
482.000000	-1.964
487.000000	-1.967
494.000000	-1.973
500.000000	-1.977
508.000000	-1.983
515.000000	-1.987
522.000000	-1.992
530.000000	-1.998
538.000000	-2.005
545.000000	-2.011
552.000000	-2.019
560.000000	-2.027
570.000000	-2.040
580.000000	-2.055
590.000000	-2.071
600.000000	-2.089
608.000000	-2.105
615.000000	-2.120
622.000000	-2.135
630.000000	-2.154
640.000000	-2.180
650.000000	-2.207
660.000000	-2.235
670.000000	-2.261
680.000000	-2.287
690.000000	-2.312
700.000000	-2.336
710.000000	-2.358
720.000000	-2.378
730.000000	-2.396
740.000000	-2.412
750.000000	-2.426
762.000000	-2.441
775.000000	-2.453
788.000000	-2.464
800.000000	-2.474
812.000000	-2.485
825.000000	-2.498
838.000000	-2.508
850.000000	-2.515
862.000000	-2.518
875.000000	-2.518
885.000000	-2.515
900.000000	-2.506
912.000000	-2.495
925.000000	-2.478
938.000000	-2.458
950.000000	-2.435
962.000000	-2.408
975.000000	-2.375
988.000000	-2.335
1000.000000	-2.291
1015.000000	-2.225
1030.000000	-2.150
1044.000000	-2.074
1060.000000	-1.985
1075.000000	-1.897
1090.000000	-1.808
1106.000000	-1.710
1120.000000	-1.623
1138.000000	-1.509
1150.000000	-1.433
1172.000000	-1.291
1180.000000	-1.240
1206.000000	-1.073
1220.000000	-0.985
1241.000000	-0.855
1250.000000	-0.801
1265.000000	-0.716
1280.000000	-0.633
1315.000000	-0.446
1320.000000	-0.420
1340.000000	-0.316
1360.000000	-0.213
1380.000000	-0.111
1400.000000	-0.010
1430.000000	0.140
1450.000000	0.241
1475.000000	0.366
1500.000000	0.492
1525.000000	0.618
1550.000000	0.746
1575.000000	0.875
1600.000000	1.006
1625.000000	1.140
1650.000000	1.276
1675.000000	1.415
1700.000000	1.556
1725.000000	1.700
1750.000000	1.847
1775.000000	1.998
1800.000000	2.152
1825.000000	2.308
1850.000000	2.468
1875.000000	2.631
1900.000000	2.798
1925.000000	2.968
1950.000000	3.143
1975.000000	3.325
2000.000000	3.521
2030.000000	3.774
2060.000000	4.042
2090.000000	4.313
2120.000000	4.584
2140.000000	4.764
2180.000000	5.121
2200.000000	5.297
2240.000000	5.644
2270.000000	5.897
2300.000000	6.143
2330.000000	6.383
2360.000000	6.615
2400.000000	6.911
2430.000000	7.121
2470.000000	7.384
2500.000000	7.563
2540.000000	7.777
2580.000000	7.967
2620.000000	8.138
2650.000000	8.255
2690.000000	8.397
2720.000000	8.494
2760.000000	8.609
2800.000000	8.710
2850.000000	8.815
2900.000000	8.898
2950.000000	8.958
3000.000000	8.997
3040.000000	9.012
3070.000000	9.014
3110.000000	9.000
3150.000000	8.962
3200.000000	8.877
3250.000000	8.761
3300.000000	8.626
3350.000000	8.478
3400.000000	8.320
3450.000000	8.153
3500.000000	7.979
3550.000000	7.798
3600.000000	7.613
3650.000000	7.423
3700.000000	7.231
3750.000000	7.036
3820.000000	6.760
3870.000000	6.562
3950.000000	6.251
4000.000000	6.065
4060.000000	5.857
4120.000000	5.659
4180.000000	5.467
4250.000000	5.248
4310.000000	5.065
4370.000000	4.885
4440.000000	4.682
4500.000000	4.513
4550.000000	4.376
4620.000000	4.191
4680.000000	4.037
4750.000000	3.865
4820.000000	3.700
4870.000000	3.586
4940.000000	3.433
5000.000000	3.307
5080.000000	3.148
5150.000000	3.014
5220.000000	2.884
5300.000000	2.739
5380.000000	2.595
5450.000000	2.472
5520.000000	2.350
5600.000000	2.213
5700.000000	2.047
5800.000000	1.889
5900.000000	1.740
6000.000000	1.603
6080.000000	1.504
6150.000000	1.426
6220.000000	1.361
6300.000000	1.306
6400.000000	1.270
6500.000000	1.263
6600.000000	1.273
6700.000000	1.295
6800.000000	1.327
6900.000000	1.368
7000.000000	1.419
7100.000000	1.480
7200.000000	1.549
7300.000000	1.626
7400.000000	1.712
7500.000000	1.805
7620.000000	1.923
7750.000000	2.056
7880.000000	2.184
8000.000000	2.278
8120.000000	2.335
8250.000000	2.365
8380.000000	2.379
8500.000000	2.384
8620.000000	2.385
8750.000000	2.381
8850.000000	2.369
9000.000000	2.314
9120.000000	2.210
9250.000000	2.019
9380.000000	1.749
9500.000000	1.445
9620.000000	1.107
9750.000000	0.720
9880.000000	0.327
10000.000000	-0.033
10150.000000	-0.469
10300.000000	-0.890
10440.000000	-1.273
10600.000000	-1.700
10750.000000	-2.092
10900.000000	-2.475
11060.000000	-2.876
11200.000000	-3.221
11380.000000	-3.657
11500.000000	-3.944
11720.000000	-4.457
11800.000000	-4.639
12060.000000	-5.206
12200.000000	-5.488
12410.000000	-5.869
12500.000000	-6.013
12650.000000	-6.223
12800.000000	-6.394
13150.000000	-6.672
13200.000000	-6.699
13400.000000	-6.776
13600.000000	-6.801
13800.000000	-6.780
14000.000000	-6.720
14300.000000	-6.576
14500.000000	-6.451
14750.000000	-6.272
15000.000000	-6.074
15250.000000	-5.862
15500.000000	-5.642
15750.000000	-5.423
16000.000000	-5.232
16250.000000	-5.086
16500.000000	-4.977
16750.000000	-4.887
17000.000000	-4.813
17250.000000	-4.756
17500.000000	-4.717
17750.000000	-4.693
18000.000000	-4.682
18250.000000	-4.677
18500.000000	-4.669
18750.000000	-4.652
19000.000000	-4.625
19250.000000	-4.596
19500.000000	-4.581
19750.000000	-4.587
20000.000000	-4.587
22050.000000	-4.587